[responsive.png]
filters=bw=1;bw=1;finetune2=1,0.520468,0.000000,0.000000,00000000,0.000000;
moddate=0000c0482ecd0000
width=800
height=90
textactive=0
